<Sort>
  5.5134
  7.1794
  9.877
  13.9155
  19.0787
  25.3482
  33.0937
  41.4315
  54.1329
  62.4431
  
  62.4431
  237.9383
  525.0771
  929.3687
  1448.1882
  2092.3147
  2830.1559
  3691.1285
  4700.3877
  5832.4268


<Sort1>
  6.1966
  10.7644
  17.7547
  28.2276
  41.1239
  57.3279
  76.3311
  98.2685
  123.3483
  151.1416
  
  151.1416
  594.0898
  1316.7777
  2334.4219
  3643.3615
  5278.0421
  7157.4090
  9363.5590
  11858.0975
  14659.9518


<Sort2>
  14.3722
  17.5893
  22.8141
  29.5233
  38.7724
  50.1888
  63.0559
  78.2228
  96.5532
  115.7257
  
  115.7257
  423.1196
  928.5516
  1633.4433
  2544.3405
  3685.5030
  5037.4957
  6576.4622
  8461.5104
  104627.402

<Sort3>
  10.3309
  19.6058
  34.6512
  55.6807
  81.9960
  115.3180
  157.8254
  200.6802
  252.3476
  312.2414
  
  312.2414
  1226.1216
  2670.6910
  4771.9183
  7629.5496
  11015.6226
  14967.2474
  19432.0098
  24643.3495
  30482.7646


<Sort4>
  17.6388
  23.4125
  32.7063
  45.9340
  63.9016
  83.8901
  108.4478
  146.1715
  181.1166
  219.4936
  
  219.4936
  837.1205
  1838.0331
  3249.5194
  5105.5240
  7411.0179
  10146.3920
  13293.2082
  16986.2240
  21161.6790