<test0>
0.2825	0.5279	0.7782	1.0243	1.2950	1.5537	1.7901	2.0684	2.3055	2.6109
14.4705	25.9239	37.7289	48.7121	60.1408	71.6371	83.2026	94.9293	105.8661	117.5159

<test1>
0.3526	0.6376	0.9259	1.2644	1.5722	1.8856	2.1868	2.5141	2.8240	3.1170
15.4819	28.0355	40.8478	53.3118	65.6106	78.3547	90.6882	103.8578	116.1684	128.4120

<test2>
0.5692	1.0925	1.6660	2.2350	2.9144	3.2645	3.4529	3.6619	3.8506	3.9819
18.7096	30.8204	42.7588	54.7830	67.7090	78.8921	91.1101	103.1344	115.3237	127.3722

<test3>
0.7595	1.4685	2.2102	2.9533	3.3150	3.4954	3.7035	3.9109	4.0560	4.2512