<Swap>
  15.9690
  20.2292
  24.2120
  28.5894
  32.6208
  36.8386
  40.8236
  45.1323
  49.4085
  52.9673

<Swap1>
  24.0302
  36.1720
  48.0956
  60.0600
  72.0058
  84.6416
  95.8181
  107.7699
  120.2374
  134.4135

<Swap2>
  27.0972
  34.9239
  42.9996
  51.3349
  59.2701
  67.6200
  75.4560
  83.2577
  91.1370
  99.1194

<Swap3>
  37.3852
  59.5330
  81.5009
  103.2770
  125.0699
  148.4267
  169.9925
  191.7739
  213.5816
  235.4421

<Swap4>
  38.8584
  47.7915
  56.3565
  65.2528
  73.7988
  83.2145
  91.6410
  99.9787
  109.6924
  117.5763